19098.91,-30
16075.05,-30
2723.261,-30
19357.74,-30
16041.19,-30
2796.962,-30
19389.87,-30
49471.19,-30
14123.52,-30
29425.43,-30
2251.147,-30
3358.226,-30
7967.145,-30
28844.22,-30
61096.34,-30
2953.696,-30
19394.09,-30
16103.85,-30
2040.343,-30
19387.18,-30
16049.82,-30
2553.458,-30
2847.132,-33
21316.54,-33
17595.27,-33
2382.867,-33
21305.3,-33
17652.18,-33
21251,-33
17551.76,-33
2637.239,-33
21321.7,-33
17577.23,-33
2766.666,-33
21215.45,-33
2638.11,-33
17896.03,-33
2994.869,-33
21296.35,-33
2469.837,-33
21327.31,-33
25382.48,-33
2828.557,-33
78964.73,-33
17906.08,-33
59421.09,-33
78963.38,-33
77587.16,-33
2743.44,-33
3714.035,-33
3885.353,-33
77688.58,-33
74854.98,-33
3107.991,-33
21299.79,-33
17580.76,-33
2017.126,-33
21301.44,-33
17584.22,-33
2244.903,-33
2953.019,-33
21300.07,-33
17642.41,-33
2848.772,-33
21218.44,-33
17551.23,-33
2109.41,-33
76953.99,-33
71679.69,-33
21308.7,-33
25533.52,-33
3045.345,-33
21303.87,-33
17564.65,-33
2394.981,-33
